3236
8464
9334
1872
5037
1545
6635
945
923
6654
5073
6448
1164
4690
8735
3849
6571
4116
2713
4509
4437
9601
8951
6489
7000
6202
8597
6882
7277
2183
1756
740
1495
2811
993
2715
1452
5466
3948
1585
2020
6521
6156
7449
960
3910
2538
1483
908
4583
9563
2338
9448
5863
2714
2898
3731
1406
4629
3374
2985
9904
8390
233
5184
7049
1060
1771
6301
6119
8363
9478
5676
7897
74
4474
1423
4470
1660
6646
7110
7809
938
4975
8272
4268
5903
1766
3201
4219
7147
8181
3189
6890
8523
1050
7908
5777
4553
6648
6023
6215
560
9082
8410
2805
2340
1945
9618
3372
3919
9168
1104
6969
3806
8014
2326
1528
3806
9259
3402
4392
4465
1791
9081
525
2037
8351
5150
2443
7623
3689
7011
9234
2131
9971
2455
4885
6832
1951
864
79
186
6770
6227
8552
5199
5780
5746
1284
5391
8362
9733
6685
493
3427
5644
9586
6955
9648
5332
3808
949
7976
2216
4512
6653
6842
3610
2785
4727
852
1506
8216
2245
6755
7686
1285
2214
6876
7531
6871
8842
5483
2235
3634
1977
6586
3351
8081
1589
7573
5982
4407
813
6091
79
9386
2452
2279
3388
8466
2801
9279
1680
1102
8328
7085
8098
1048
5849
3101
6634
1322
1559
3846
5587
9392
2956
3500
6465
5872
2395
2645
2037
4856
9094
587
5600
7047
6001
8450
5172
2735
3431
1066
7009
6217
1419
5302
7486
425
6097
526
5798
9059
4622
99
4646
3119
8606
2369
275
825
5045
9433
1377
6316
504
8288
4802
5919
5756
5410
6987
5872
1823
1547
2446
3505
2646
4072
515
9153
9623
3961
8792
6972
9400
7705
3371
53
4167
8433
1093
9427
2731
1466
5449
489
2587
1985
9197
8587
4926
8336
9801
5310
482
4795
8430
4303
6193
3945
9257
3671
385
6948
3175
6109
9867
785
5899
5980
479
4595
6254
630
6789
6317
4182
2394
5719
3208
6858
7330
4861
1988
8149
720
281
6386
6426
9642
1621
593
423
4803
2409
1767
4764
7212
3057
275
6541
9995
5678
9105
1350
7547
3308
9453
1071
356
5876
523
1345
5820
1667
4550
5048
2318
459
3400
8921
251
3240
9274
5365
1150
853
4972
399
2419
4144
535
5946
1739
9036
5105
5766
2985
2054
1457
8093
6017
9098
5699
5545
2962
7894
1022
2617
4705
7551
1652
9428
5480
4579
362
5613
4623
8175
9082
7943
6330
290
5509
7706
4162
9889
2780
7142
9449
7548
800
3560
1560
9793
2008
2299
1819
8080
4292
385
9184
927
160
5250
5451
2847
7659
4564
4910
2430
2584
6284
3239
638
7028
7284
762
405
6585
9677
5297
5223
5539
8727
6945
2434
8690
3775
4079
440
2367
5287
1443
2786
4978
1948
3372
7234
1779
3029
547
7274
3775
2567
6068
5243
6509
3089
1115
8353
8642
3060
2427
5261
8850
1186
981
1555
2024
396
4967
2406
5608
6132
2179
6464
899
3338
449
6150
5691
9221
7847
9194
4151
3264
2968
1683
6024
9864
5339
8795
877
771
3055
1528
9029
7011
3019
5597
1492
842
26
625
2263
1904
934
9824
8683
9795
9284
1681
3018
3231
6434
1976
1176
7566
3484
5677
9997
5298
1332
701
1188
1777
163
9871
5028
5839
2955
1993
844
354
8336
963
2932
3458
9495
6332
3361
9952
9404
669
2506
2553
6474
539
2121
5690
9623
465
2436
8950
3070
7565
3437
4374
8129
2585
9846
5793
3998
7613
2569
2428
9297
1267
6103
4595
8491
587
8703
3464
34
6401
2481
7627
4217
9867
1923
4412
4785
5735
3541
557
7839
8485
1296
5115
8256
1184
2676
8558
9899
8323
2354
1583
3078
7529
9847
8218
4636
6182
1675
1012
93
3076
9160
2463
6454
7777
8095
8763
7602
2087
7559
8959
3473
8155
8871
6040
8777
9163
3990
1537
490
1121
8465
596
1238
6029
125
1872
6881
6147
1822
1532
9893
7952
3879
6778
7753
451
5811
2031
2563
409
6627
8707
1116
4105
1768
5748
4851
8162
3220
1232
3380
5841
4060
3266
5034
1191
5249
8812
3026
2507
3584
519
9443
892
326
2166
4299
8602
55
1298
2155
9733
769
689
2454
6694
9869
1096
4102
109
6614
1555
2256
5146
4877
2722
7113
2192
4187
8631
4184
1190
3976
1725
2910
2048
76
4859
4515
1310
6245
1897
259
1076
2361
8739
9721
9114
3484
2731
5546
5076
2771
9363
8582
4532
7082
2044
2587
7422
5491
1097
9242
8189
448
9927
2462
8020
4291
1265
2906
6024
6835
8494
450
204
3362
8558
1228
156
5502
2326
7896
3423
3716
7848
9903
2327
1115
3639
3496
6186
64
617
7633
9558
4718
8157
587
6320
4785
2431
54
7486
3019
5705
464
1030
1926
493
8600
5910
6474
7041
4023
886
5522
377
4306
5227
8922
5403
6041
8077
2236
9007
403
6954
11
470
3310
9212
5727
4045
4321
505
9187
1938
7733
4987
7483
7830
1236
3599
3994
7827
9264
721
7682
7727
423
4456
8414
6257
8885
8061
381
2724
842
402
9983
251
2510
945
6405
6436
7379
3794
9540
4928
6618
1649
8426
2961
1848
3279
4388
2196
346
2632
9279
2545
5734
2374
3470
1681
2084
8628
3532
96
8318
7221
866
835
2531
3909
5690
7340
1442
592
5941
9595
8406
882
4427
5687
3692
2303
7185
381
3693
2772
7280
7656
9960
8637
547
9874
8159
8712
8608
7930
8277
330
9323
4887
1878
8017
5880
1900
2040
9738
2832
2956
1313
692
8581
3216
8873
3621
1721
6406
5425
9275
1004
524
1668
4037
997
8365
1021
3699
9347
3835
8409
2715
3524
559
1518
6862
6085
2669
780
5674
5083
283
483
1073
3570
163
4502
8554
532
5318
8591
1190
7660
484
9970
9430
3211
7402
4278
956
139
3899
785
8495
3139
7026
6580
3250
6074
8534
1511
8439
1839
2335
7989
6768
2728
3016
3772
8486
4889
8726
4862
5086
4040
7048
4523
2969
7087
6560
4003
1530
4961
545
9718
9086
9345
7256
3582
1975
7967
6864
5232
2601
5444
9201
5599
3433
6208
5673
417
4866
3106
8190
6678
1210
4824
7138
3830
3940
1255
903
2122
5687
8445
6373
5599
8736
6518
5243
7046
1507
6236
1362
9647
3864
818
3688
2007
3171
7586
2203
1487
276
3925
1828
2336
6257
9812
9543
1404
4465
7548
6520
1334
8442
7575
1392
4900
60
3305
3232
115
9536
3240
8677
4077
764
7776
5165
4535
5608
7254
3017
4574
1830
363
4323
2595
4445
1155
3234
1299
3958
4838
3291
188
2955
1687
7482
6333
5741
9860
34
5630
2965
3693
7329
8384
1901
3176
4023
1270
1279
3491
4233
3348
7774
6940
305
7911
5365
8894
6280
9189
5741
7965
9351
6934
2674
5236
6698
2995
1288
2301
4406
6126
682
2961
3245
2979
1475
8144
6143
1693
2704
2467
1075
6491
3654
6911
6503
7364
8896
5421
2468
2985
4892
6041
3861
5051
9191
3336
5737
221
7814
5485
7207
1067
2486
461
6994
1579
6518
4241
6733
3906
1620
9932
1712
1531
6148
6734
9596
2499
5832
8248
1916
2216
7629
1377
9772
3876
8850
5145
5934
9428
9263
8540
7547
1310
5699
1800
6551
8450
9662
7299
3720
9552
673
6759
6184
6538
3698
2671
2825
7323
8948
7
4920
8649
231
558
8293
5207
1676
6015
6034
2574
2411
6561
26
2942
8552
6636
1765
1167
836
1885
1593
3356
32
4476
6402
130
1415
6955
3221
1701
7468
1217
1953
2900
4578
8904
1656
542
2443
8116
9421
470
6867
6150
3038
675
8493
5279
8195
3386
1102
4073
327
5280
6313
1426
4455
4234
8939
5018
3305
3496
2600
6447
9823
6130
5381
471
3116
5537
4072
8735
4118
8929
7837
2641
1532
7221
4954
5931
4970
3772
1589
5901
9227
9443
2581
3842
2606
1323
1510
2100
2156
9196
6465
6458
1049
2810
186
8051
9721
2775
2540
3047
8325
4313
594
107
5950
1149
6584
3606
6930
7068
6258
6450
316
6893
8346
3077
2224
9948
7200
6640
1575
7753
5933
4359
7256
7956
9368
5939
4009
1768
9197
1349
2116
1829
1547
9660
4988
6258
5709
3976
786
1330
1899
2464
2179
8375
5106
8369
2085
9205
2449
8583
2690
5048
9861
81
7475
7128
8904
9936
5073
1724
7381
6289
2968
7229
6095
7308
6670
508
3874
2299
7890
2391
906
3262
6120
6024
3571
8543
8372
5966
8225
6610
2116
8352
2481
2511
915
1967
4832
1810
268
6011
5178
5635
8540
6809
9077
4402
8971
6020
4607
4485
7003
4930
8502
1366
8306
9976
903
7542
1909
3184
9400
903
3030
169
1082
9048
5888
1888
8793
4833
735
4926
1590
2274
2822
4642
9863
2728
1963
145
653
6032
1525
1403
2742
5262
2089
3456
708
7200
3697
9890
2607
3150
1327
7164
3862
517
881
5156
8027
1013
341
1229
4832
1448
5518
9184
652
5572
1207
8859
2898
322
7800
4811
1748
3247
7383
455
1348
8931
3840
124
8380
8241
9464
160
5471
8398
1790
5041
9838
3862
2276
1838
7871
6283
8205
5593
2012
4959
519
603
5288
5860
8506
1464
7543
1281
7889
821
9326
7576
2617
4007
7320
8102
920
2445
5307
2683
6385
3665
7131
2859
5220
5067
4589
2260
4330
6183
4575
9952
7506
7976
2678
733
3734
6525
1143
7900
2802
9634
1434
2023
4949
2202
7324
5094
200
8700
6452
5092
2607
8156
104
4525
7182
7227
849
5514
287
5505
1805
7281
6337
3274
3603
3687
9282
7391
236
9303
7872
6135
5376
1816
3164
8685
190
4153
64
6068
1201
1392
7507
1720
5631
5812
6122
3255
8963
8999
1569
1424
5534
712
1131
8490
4121
5816
1750
312
7038
1500
4339
3723
8072
4386
4229
745
5016
7879
4295
5853
1065
2472
3842
879
9574
712
9327
7782
3227
786
9386
651
4890
5519
5337
1471
3967
569
6220
9311
2133
929
4
1031
8426
3982
2520
3445
960
3144
470
6288
4006
9876
711
2697
8935
9184
2342
5136
4385
2370
1282
2138
4601
172
7890
3601
2093
9282
9641
1725
6169
8303
5387
5314
9022
5509
4286
697
1088
1091
7188
2532
2735
1964
152
4780
777
9926
6198
1037
2397
6528
4977
3685
2227
183
4287
9353
6666
8411
839
3736
5394
8606
335
6292
4428
3453
5951
1422
2991
3297
8538
2209
3644
3288
3309
3586
3300
5904
1256
9206
904
4996
2830
6405
3696
4266
8280
5661
2304
6763
1582
3770
1657
7253
184
613
5660
2958
8578
619
9861
8378
5167
4335
6805
9679
7039
7810
9231
6055
8900
6450
8296
3557
4609
9185
2233
2636
1876
9160
2838
1036
2742
9099
4100
6702
4064
6318
2951
1522
7872
6600
7721
918
8748
7623
2578
394
7302
4997
4132
8051
465
4810
2182
8653
4723
4225
9428
9780
876
639
4085
4740
8134
2001
237
5375
4892
3910
5747
6223
9712
8222
965
9773
9208
4944
6699
7042
1929
6002
7466
3835
2151
6020
8315
6306
4988
9806
1403
619
2103
588
5539
7580
678
9142
7642
3201
8311
3589
9946
7566
9083
4883
8512
6999
7500
1635
2424
3580
7233
9457
457
1321
112
3210
5501
429
9091
6447
948
2649
638
3654
8681
3308
703
6658
2261
8844
6519
9716
658
5639
3912
2066
3186
8923
5600
1654
9458
4627
3093
4538
5465
7155
9825
1972
7926
2822
3665
1820
2617
8262
888
1413
5903
9099
1481
9531
7332
6935
2740
8042
4981
2882
1232
5792
2340
610
6507
9732
1183
1614
2334
2038
4914
2258
2261
6520
7292
2101
4445
302
9328
9657
4446
5138
9886
1715
5387
6059
7233
1916
8455
2319
3689
5159
3787
2631
4460
3092
9782
3682
1272
9396
2420
4988
4061
3518
9410
6304
6217
305
112
652
9603
7771
4999
3028
4220
266
9438
9546
867
5889
8936
2156
6776
2381
7888
9694
2563
4441
4936
6554
6006
6878
2686
5269
3760
2095
7056
7699
4835
3524
5681
3870
2025
9509
1724
211
8947
7289
825
4910
5505
767
7710
7928
3449
7886
5560
2941
801
8696
810
8323
1951
9156
8180
2535
7700
9580
9240
8474
4196
6804
9113
5341
8010
3277
357
5976
1625
2136
4149
2081
1253
1662
2098
3099
2131
4592
7930
3341
623
3099
4499
357
6589
8142
7520
9756
2402
4607
6561
8860
4563
3706
5776
9919
7342
8987
9353
2074
5192
2047
345
7066
3814
5190
443
9134
464
540
9071
709
4611
7464
4124
2025
4919
3636
2263
3212
7216
7310
2341
6017
8184
6750
141
1311
7101
2521
3729
4417
5638
6613
1598
6418
8956
9471
6578
8887
9767
1657
4926
2637
2647
2040
1597
5781
84
7789
1380
2493
7096
1026
3689
1266
3755
5271
2392
3762
2735
1261
9524
5846
7101
3316
8124
7232
5279
1360
895
2145
3344
3457
3312
30
7441
8579
1549
2084
2750
642
5708
4969
7056
594
4279
2853
9188
3727
3515
4834
6988
6864
1035
8896
2932
1986
1386
2684
9751
914
2041
1153
6483
2106
7757
4335
75
336
708
5547
4492
4587
6266
4088
482
5128
503
1493
8843
4460
8508
5398
3740
1419
3582
7495
1235
344
1953
6494
9405
765
5224
6785
5384
3357
892
3080
4460
9305
8524
4948
8870
7136
3172
6608
821
9706
5313
2055
9064
9399
3171
4102
6935
4051
9044
8036
1026
5693
7800
2927
1335
3977
5605
5144
8232
850
9990
1570
1803
6212
8234
4294
8660
921
9490
7067
7120
8146
9915
805
7107
1128
1785
5675
581
9859
2021
3837
6073
3227
8776
2326
1006
5117
440
9262
5193
577
5266
1188
1682
522
1337
3450
3086
925
157
3312
5725
5766
6544
2006
517
4583
2197
5388
7055
5441
906
5149
3824
6024
7672
43
9482
259
9704
796
116
3650
3272
1094
6504
5971
5887
279
3356
2789
7517
6504
1347
9390
8454
1314
4980
9819
5200
1826
1563
8903
651
6377
3711
1214
6385
279
5124
1441
7166
6633
3297
9068
9042
9296
1509
2262
8196
1269
1590
1738
8553
3882
7066
9044
2694
8546
8169
6477
8994
1347
6611
1547
8927
1627
8846
4883
9755
545
1890
2208
3153
590
2553
8184
8406
6043
7537
605
2833
2604
7428
8113
426
4926
490
9022
4567
5981
6973
4853
6418
1929
8605
8950
9967
1930
7093
7167
1725
3361
9342
376
7946
641
1074
4702
8444
5966
8260
942
8158
5701
1422
7381
2167
3500
4827
7894
401
59
7494
363
2185
6556
1251
8191
3490
8014
2764
3324
6415
96
7103
6961
3921
1692
5110
214
9805
5938
4646
9186
786
5063
1645
125
7449
2941
8885
1890
7550
9685
2286
8007
8414
8754
8315
2320
8545
2000
1084
2032
2586
9893
396
4482
3405
8342
9052
1432
3313
8910
1567
8289
3894
3194
1543
2048
120
968
7072
2587
4388
2386
3116
3441
170
901
1935
5887
4132
5703
7563
8789
3638
7976
47
6964
823
9352
9275
4651
2735
1146
5656
7171
6145
6759
4853
3975
5899
310
1093
3688
315
8154
8199
1904
8852
380
9846
4949
1346
635
1395
1441
378
4578
1407
7167
3318
3177
8605
9592
5408
9454
215
720
9996
6581
6224
1850
682
4237
1018
4243
2988
3910
7737
6525
6037
3424
7080
8762
6771
5237
2682
4029
3791
4314
6500
3819
1827
7969
1849
23
4379
1187
309
3631
3390
3180
5055
8433
5006
2103
9752
962
9391
3501
8377
2784
709
4040
7037
3622
5249
2108
4586
4640
1197
1272
1878
5456
8309
505
7495
5904
1801
9776
9371
1033
6368
6773
4425
5444
1279
9340
7496
366
9227
7703
5983
4049
6491
9548
413
1793
8177
776
5642
9252
5627
8388
6925
8278
5749
5560
6015
1243
2769
9197
6431
6790
8922
1735
9400
5882
2084
3618
8352
2175
3224
4220
2867
3272
1648
580
1808
4274
2446
3234
1905
8959
9217
1911
9393
2756
8154
6534
7097
704
1484
3971
587
4574
7603
6602
5955
6172
7414
1459
3722
7613
1440
7685
557
4060
1851
8313
350
3570
1502
2865
345
9978
1512
5864
7098
6403
557
6523
6877
4070
2322
1929
997
8489
7219
5143
7585
2322
6365
2695
5069
6640
1112
9657
5333
2374
7413
7234
7999
6457
4281
2749
2681
877
9464
352
3456
1627
6246
5552
7939
3478
4298
4215
727
4142
3604
9749
4236
996
976
4932
7760
719
4347
1393
8851
3758
3285
5144
7851
7375
3512
127
1545
880
4664
6021
1947
6180
2300
6108
4851
6184
1068
2518
136
1414
9147
8044
9531
5674
7927
9092
8925
51
5967
8307
3055
7180
7364
7617
7530
3340
5714
7469
9857
6027
8881
1297
4419
5478
9592
9304
1397
1796
6465
1836
6880
3385
1731
9044
9078
7723
5771
9406
4059
3572
4588
5514
3570
1192
6650
6312
8565
1799
2897
5873
8681
3013
219
8988
2785
1976
1713
1482
5042
577
6193
7716
2519
175
7490
8694
4933
9168
468
651
7026
1722
7083
2283
5234
2233
5550
3426
4242
7242
858
8899
1065
8119
5261
8605
1787
1331
1584
7612
8000
2377
596
1779
8676
2336
9120
5401
3905
6082
8153
3682
8986
909
4116
7584
9336
3561
3112
7241
8987
7355
6424
1498
6505
8281
6927
4044
1771
6239
7612
5126
632
4930
2960
3427
4273
4691
342
8966
3712
5190
6835
9899
3931
4580
142
7312
6381
4622
8561
1044
54
1331
7440
3854
6481
19
8314
4209
5911
2596
9230
1150
6355
8325
2912
5371
2134
9106
364
1651
1291
1111
1929
8478
4221
9384
9570
4291
8855
1681
5761
6971
1997
9865
7245
7543
8922
509
4390
4085
217
570
2430
6974
3959
7770
5786
6404
2377
2339
4953
7114
8330
8044
3492
4676
9512
3473
1671
5506
2928
3353
447
4934
3270
5159
1269
1070
8202
974
3066
1966
3527
1832
8691
8046
6990
3592
6022
324
7955
3727
8133
1475
4662
2540
8988
9828
596
3735
5670
3172
6751
4448
5764
8158
9627
2611
4896
5402
3450
8831
1359
1159
283
5720
517
2276
8207
1241
8238
7013
7420
5805
7722
2244
405
4576
520
7511
2793
1330
7350
5361
4923
3820
7800
5947
4115
1894
71
2899
4707
8312
6460
6581
7756
6912
4205
8970
4049
1283
6151
2431
9388
2615
4254
4935
6593
944
7600
147
5328
7849
3520
8145
1262
8214
8978
2611
6454
4184
2530
8386
6763
4305
202
5394
3282
521
7075
2663
2942
6639
9196
4777
3612
6931
361
8148
704
3556
1613
3474
9183
7462
9244
8989
3263
9494
1898
1312
892
3857
728
5310
8092
1282
6288
9141
2565
3162
1935
6516
2525
5349
3138
6635
4370
267
4164
8481
7740
7748
9655
3772
6480
1999
609
2284
8710
1876
6569
5753
7277
2329
6914
5119
6381
1602
4135
8839
4141
189
919
6152
6886
3341
9460
5597
4312
8404
2038
1160
844
2903
2389
7863
2169
7565
7495
2119
763
3000
4871
4647
8289
4215
2663
7886
8533
9979
9495
4351
6610
1224
1654
4123
9329
8894
5976
9800
8916
3097
6920
9409
7911
6294
6192
3117
4036
1768
808
6741
102
1785
1627
1088
2208
8404
6736
6146
3438
9011
1063
8853
1404
9092
18
9909
9606
5410
678
691
3728
4833
7234
5074
6055
5849
6544
5750
9927
3719
4169
4094
1087
3345
5230
415
4610
2520
7220
6595
3663
3651
3872
6065
1091
889
1219
4383
9453
8639
1735
1334
5427
8371
5195
6933
6067
3544
9100
9752
6060
2964
6069
1818
4526
9606
5319
6809
4975
2923
5996
5625
992
3970
1433
252
9999
2447
3187
6416
4286
2222
9187
1497
7988
1673
6812
6225
723
4779
1388
9661
8714
8853
4946
6178
8747
384
5103
2232
79
4709
4896
6557
3657
2394
6363
8989
9129
5566
407
3505
4274
2151
2177
2565
8221
9737
812
8351
9247
7305
6649
3324
9769
3939
3032
1437
2991
3385
734
1955
3995
4477
615
4102
7410
2001
5917
3164
1239
9085
5625
5608
3263
2305
1098
6465
8533
7996
8020
5638
79
1228
8923
7438
1169
5046
3584
7716
2944
5896
3003
4562
7465
7565
7034
8205
6147
2689
4760
4210
7458
5045
2609
1312
4318
8918
7141
1206
6932
1689
1980
110
875
4538
729
938
3226
2197
6418
3133
1815
3092
4574
9182
5763
811
7360
2969
5748
7776
4963
6870
4515
9758
8919
9966
2488
572
9979
7035
1490
2026
7259
5183
8507
7580
6460
8840
6316
5226
1301
7202
3725
9734
1057
1022
9759
7023
5826
9426
1309
166
3240
6432
9200
2736
370
4012
3731
6508
2852
3048
343
3413
2217
9506
6296
5817
5147
2240
3647
4395
7330
6363
2008
4006
7161
298
391
3283
2151
2768
7143
2349
940
4265
3907
3299
1034
3889
1529
8318
7479
4421
8299
67
9008
3118
4008
2603
463
7243
6795
1473
1856
6750
1986
908
5009
3307
9729
5406
2616
652
1240
5771
2361
9512
1091
8430
8776
1429
7504
7177
1916
1339
6390
2172
2501
2987
3396
8104
9024
8800
1864
2500
3256
8661
2658
559
9662
5192
7143
2407
4524
4893
9114
394
5367
4629
1576
4923
8020
8160
3570
4919
1628
4529
2321
3112
6899
1314
5429
3145
3781
6872
1630
9484
3697
2087
5007
6505
2523
569
7600
3111
7901
7003
7187
2368
6301
5385
6249
5536
3141
2539
2550
5726
7791
9104
1090
8846
9119
3386
7521
6438
630
3034
5094
3168
8068
1181
2003
9104
5166
5670
8900
6774
4864
9887
8333
198
7844
859
1600
1766
7844
4414
3716
1671
2380
6878
530
232
5412
5259
3538
6279
108
3870
694
8569
3353
5326
1989
1069
6575
4504
1675
2460
255
1680
2942
1971
5620
7907
1412
1076
1320
1631
1092
1642
3084
4053
6842
700
280
1614
9327
3316
4623
9276
4167
3904
6487
9762
9133
5768
375
4391
2157
6897
5474
1910
2320
3665
7124
2233
605
3508
9322
664
2381
719
2231
1837
3520
6883
947
2362
7183
8852
9526
2461
8546
1659
6503
2194
211
1688
2062
5961
9410
3852
7408
9802
9754
1910
4492
4550
6931
3996
5857
7680
41
5261
6787
7516
2430
4149
2270
503
1388
3776
2042
7176
766
5826
2384
20
2287
6903
75
3160
2562
1366
6738
8739
4979
4619
37
1649
5438
4517
422
8544
4672
589
8363
6156
8266
2137
753
5342
7133
9632
1267
3253
5058
3599
2443
7571
6105
139
7495
4939
6341
2375
7936
4569
6949
8664
3479
867
9542
8551
4609
3278
7160
3304
8741
1669
5790
9225
531
6501
7130
7548
9240
1068
1256
6440
479
564
6089
6941
6506
1866
3843
7927
961
4532
1063
4965
873
8387
5492
2778
2729
8837
3770
6196
1578
5741
8129
6987
5693
8839
5003
3772
2641
8774
9255
4550
4085
7185
4183
3509
5002
2286
2692
1198
9565
8333
241
5098
3988
9865
2366
8150
119
1866
3822
8873
5169
3374
2939
4040
6886
4137
6360
2439
23
603
4550
9633
1876
9777
3243
1162
7218
5086
8881
7939
8525
9835
11
2990
9232
2573
2077
7122
8674
3175
2012
6065
755
7343
4548
4968
3015
1109
6025
7271
2882
6865
1007
9361
725
380
878
3574
328
2467
4000
9871
873
9831
8957
7690
2115
7096
2138
5351
5779
6035
7789
3154
8679
2041
9044
8627
6776
2626
5270
2642
9049
114
9785
2910
4064
7963
8374
9535
6149
2707
9707
1914
8968
6040
6575
3366
8328
9025
2891
5533
2609
2342
2583
2341
9462
4099
3651
9840
6352
4025
4583
5281
9301
4517
2108
959
812
8421
6237
190
1136
1864
7720
8796
5123
5878
4346
9306
3733
32
1978
3564
5829
9225
5972
9251
5495
8997
2889
9400
6487
2032
3668
1499
1821
2019
5872
158
914
1810
4185
107
3618
6537
3665
1213
8209
921
7428
7150
6067
5102
941
9612
4199
5203
5050
6321
9347
2759
9646
5139
2950
3073
8678
3802
1130
7874
7966
1425
873
651
1156
5134
402
9407
4924
3061
5355
5210
2966
6425
7705
2530
8622
9812
6430
1260
595
6650
5458
1954
6874
857
6997
6036
4979
5972
228
7884
6412
8881
9914
8855
5300
4542
9097
6465
19
8043
249
1408
7321
6244
5664
2852
6692
4574
562
2541
5366
148
8443
6461
3125
1858
3675
5663
7156
5218
8450
1161
2067
917
3820
2798
1219
5493
254
4247
301
5832
4834
7411
531
9143
2671
3756
2423
272
4589
1117
8570
153
7559
9472
9784
9414
1825
4700
9010
3868
5308
128
5851
7431
9400
5785
9960
9193
7370
7066
4418
2068
6542
5276
158
1706
2255
5171
8686
2019
1364
8756
8633
2351
3933
4724
1065
9068
8543
4515
788
1066
4955
521
7053
4285
1718
2511
4555
275
4741
8081
2154
3895
9367
1218
1904
6709
9191
3104
2883
1967
3698
8618
7658
2015
1638
9264
6785
2333
1948
1706
1953
9380
1719
316
7791
8848
6861
7368
7252
2955
5142
8228
589
2728
8322
6685
8995
8207
1824
1340
6317
2699
957
9096
2501
7840
3849
7917
6825
2225
8416
7035
1187
961
6263
7410
7483
7224
7478
9980
3979
2104
453
4523
5171
5953
6682
8982
2798
9218
1442
9742
356
8304
3533
7205
9234
2572
6687
7121
6663
496
884
2653
3617
5850
2196
3634
3911
4253
6168
3060
2648
2180
5500
1759
1412
6920
1509
644
2201
4036
3972
1486
6433
9911
7307
7962
4841
2377
2608
5558
4613
402
544
5945
3586
6439
3302
5204
461
6278
396
87
387
9989
1440
807
3192
8790
891
3903
9771
3150
2751
292
1578
1846
1951
2238
1058
3008
9779
755
1818
3934
9611
5686
7424
240
6932
8880
7812
1149
4809
398
772
2996
9612
316
8919
2387
8405
6847
62
3863
218
7657
8424
7173
3696
3369
6069
873
8240
785
7789
4589
8558
5884
2370
7117
8918
6431
7779
9912
3384
8560
6595
3785
1526
7780
8138
5575
4187
8333
4073
1369
4526
3924
9667
3230
4262
1619
7274
1964
2673
4263
3800
9063
4416
6404
3184
7589
1429
8473
6708
656
1120
3301
7096
4524
566
2937
455
7721
9396
304
9252
5978
162
2750
836
3319
3627
9717
1290
4625
5163
349
562
1092
9706
2340
5538
1762
9577
6164
9310
7437
8506
277
3500
2500
7525
9907
1079
1394
680
8241
2263
356
7327
29
8593
2250
8325
3478
5643
7855
2441
7052
5011
380
740
5719
7088
7626
345
3978
5897
3047
2590
2073
3477
5658
5067
5049
8051
666
1249
7943
1755
5053
2556
507
4132
3565
380
2254
919
3007
1409
7386
3523
8134
7621
2722
1939
5526
5358
6930
6845
1781
1443
8200
3917
8759
6031
3570
9473
6649
5332
3210
2822
205
5331
7776
4243
2312
1145
1254
308
6553
8075
3218
4234
1532
405
6463
6177
925
9183
3349
8130
9440
5858
7866
8154
7216
666
5689
9051
8119
2652
4770
9777
9374
7001
2130
4088
2277
7459
8149
7292
7317
1392
1417
6416
4788
6781
2517
2339
1641
2725
9337
3024
7792
5954
7208
8742
8800
8323
467
8856
891
9487
4744
7844
2934
9096
1019
3353
3211
1651
4771
6261
2011
2184
4937
6637
2551
8853
2316
9410
8912
2600
2617
8704
109
108
6521
215
6398
1299
7514
5487
9519
7605
7715
2536
6383
2248
1362
2864
1905
8145
2649
6361
2466
5914
2809
9834
6509
820
829
8356
795
1759
378
4104
5631
487
3029
791
5249
6529
6982
6682
57
8103
9659
3043
3103
32
4464
6276
1120
4084
238
7647
99
8222
6305
8237
7085
2371
6111
3827
7698
8866
4198
4833
3405
4748
6420
7901
1250
2822
9565
240
1762
4797
1785
2239
1599
665
3868
4541
9584
405
154
7694
4215
6622
1082
7983
7904
6985
8682
5221
3453
1690
3428
5492
145
4339
7775
8193
7113
6394
4809
4025
3698
5294
6692
7747
2726
4235
9198
9747
297
1835
7478
4992
9235
8800
2267
6969
9631
9167
8759
5620
8708
2639
5196
7351
9601
1731
638
299
6206
3636
7265
7037
2592
8227
3908
870
2462
1005
6159
1278
7762
8591
8680
7244
7474
4316
6604
1457
1664
1677
7949
87
4766
9832
2711
6212
1494
421
9943
6531
4249
2813
334
5572
4982
3251
5426
7666
1901
343
2693
6886
9685
4681
2699
6906
8059
2907
1382
6081
9371
8298
324
4597
5284
2190
2492
3473
2584
4928
324
8417
2081
9596
9654
1526
602
3815
4629
5102
7260
98
1131
4387
8040
2368
2628
7346
773
3412
1664
2768
9626
6607
6884
2648
6270
2649
4371
6136
4526
797
8876
6701
5663
4298
5252
2395
6229
8854
1829
4898
9875
1686
6038
4429
3540
3244
8493
3916
7753
7617
8594
6277
8035
2435
22
4183
1620
2176
3189
1263
7089
1827
1319
1343
3307
4638
2157
2971
6303
1097
2570
5221
666
2234
832
6028
5632
8854
7245
1185
6255
1943
3861
6970
4480
5407
4594
2826
7582
219
2632
4288
2170
5611
3070
8751
1213
209
5947
6415
7839
4296
1021
7921
1209
2439
3936
5497
8038
7302
5532
167
1423
4688
5232
806
4807
6170
5150
4185
8291
8099
6935
706
7007
764
9240
4549
701
6314
8277
8717
1055
458
1045
9597
967
1476
5390
7514
7676
7715
6931
8327
5216
1556
5483
3809
3601
861
4868
3084
7469
1776
871
6077
6505
6928
1870
6346
2674
1826
4115
1470
4901
920
3435
3298
685
394
243
4056
2972
7478
1945
650
3020
1194
6238
4835
4181
9407
9387
795
9490
1849
2530
7097
2607
1996
9926
2660
8694
1329
8974
795
9834
6969
1446
1286
67
2113
4086
1004
3852
534
2470
7494
9801
5819
6898
1108
6909
8297
4043
574
8315
4631
6079
7758
459
7658
6538
9532
2671
1278
6141
9482
7814
6454
6958
2274
5633
2496
4127
5996
1749
6316
5635
9508
8416
6127
2942
9916
2575
6739
5565
3822
8559
7233
695
420
2243
6626
7298
1147
8102
2770
520
2085
6769
8246
1547
1422
1791
3744
2583
7810
1294
5280
2727
5485
1305
6381
7627
1379
9012
500
3144
4993
1656
5248
1632
4739
3344
9867
6420
1976
1906
4308
6488
1523
6130
9474
2022
1411
5300
6536
4981
5285
1393
4441
1962
4504
8795
9325
288
8449
7252
837
133
9456
6924
6140
4693
8739
6186
9374
6122
1866
589
1805
5572
6315
6835
3826
1046
295
8041
5121
7393
2860
2452
3536
8485
1020
9104
4041
805
9678
2599
5565
4042
6260
4340
9244
1755
3277
3624
3699
12
955
8541
5813
8772
2279
5786
477
979
9188
9782
6690
1972
5041
8080
8860
7135
9779
7262
9782
9602
9219
9092
757
7617
1971
696
4072
5244
2039
8324
6881
5856
3058
2508
1523
3168
9134
4160
9627
2182
1808
9875
3076
1412
4699
8925
7734
4144
3668
1726
446
416
5750
9509
3508
4994
6839
672
4777
2591
8778
612
1216
6656
5671
8816
4303
4689
5592
9101
8037
5334
4933
5560
3518
1724
2002
1603
2965
8209
327
536
4569
3062
4624
8128
4707
7235
326
1300
5687
5612
5615
3393
1097
4035
1041
9985
8626
1502
7037
6488
5187
9115
3481
9196
1897
3921
8254
8697
9458
4953
6612
9620
3631
5132
186
7966
7962
5102
1114
7499
233
1132
4732
3
8100
4850
634
5353
9140
624
3381
3707
7116
9134
4358
5497
3965
3405
9287
2601
9300
4160
3059
1721
5447
4763
3450
775
8976
9050
7098
9310
2024
6518
6683
5282
5896
7348
9593
9374
7900
6846
2904
2412
889
5157
6451
7061
8417
583
2069
3369
3908
5310
2188
3009
777
8938
2730
7042
6174
8160
7086
9125
6540
5218
2083
8342
878
6705
2279
4394
1603
1040
3950
7460
1826
3883
2328
6073
5822
6408
864
866
2954
2044
2967
2002
2254
9649
3633
8761
1771
3975
174
1688
2204
3993
8843
1494
8765
561
5034
5107
8816
1854
3231
2443
6270
1701
3773
5372
1387
5142
1073
924
2669
3233
6348
2341
9918
4969
8439
2194
6240
503
6370
5167
6544
7378
1549
4091
7998
7949
651
8561
1052
6785
7524
7992
7125
9165
1786
152
497
9899
2622
5342
9238
3606
6963
7250
1216
6281
1187
1270
9380
7608
4898
1777
7265
3221
6544
8685
809
364
5602
2462
1695
1104
3667
7941
7248
6522
6583
5187
3175
6031
6576
194
940
353
8661
608
5469
2745
7055
2493
944
3155
4198
1624
6711
5450
1308
6564
3221
3462
6648
6865
8768
7859
9637
7624
1591
949
4828
1447
4086
7736
1296
7518
8776
3132
7272
8649
2172
9601
8514
5567
11
3631
4694
8234
1865
5770
617
8824
9514
7060
5923
1409
7703
1715
707
3882
593
3780
2401
1178
2533
9760
740
6395
305
223
5077
5491
5462
2634
9172
8931
1150
7989
7722
6416
4352
1964
4847
1456
2225
6205
316
9159
4109
2343
7747
2291
8487
1586
7166
2820
7997
4623
4470
6337
8576
9600
805
2071
4115
939
7165
2531
2721
9340
6602
7169
1507
6825
2742
5797
3218
4569
8700
2763
2698
5495
7231
7163
2224
4020
7899
4399
9062
6459
4876
3895
3197
1705
5166
2749
4314
4157
1765
7813
1339
492
9407
5543
1467
1992
342
848
9844
1057
8090
4453
8357
236
2926
1545
853
4276
897
3521
23
4414
4416
1591
2031
2834
2554
1468
6883
8006
2309
2194
181
1181
9583
8
848
2417
2055
9878
4944
3196
5789
5420
615
637
6967
9991
8910
1401
598
3988
1513
944
1145
7911
3966
49
4880
62
55
449
8195
4593
678
8072
867
1389
2601
8060
6817
4898
3454
3746
15
5370
872
9618
7092
5787
1954
4139
8964
3646
7107
1815
1486
1152
8915
1808
9432
9945
9470
6595
7192
8204
6983
1988
676
94
8158
498
4701
2187
3029
6860
5431
2965
9007
644
8332
3726
3802
931
1633
3768
2254
573
3625
42
7814
5190
3785
422
9871
1030
9901
3881
8111
3449
5641
2723
9752
778
1377
8456
5117
6385
4220
918
2932
7722
1319
103
7597
7144
6231
2441
9810
5145
9649
349
9855
812
6429
8685
1715
4417
9752
7825
5799
2672
8841
4388
5327
7100
9815
226
2191
3097
2248
9829
4576
940
5053
1648
6435
9538
1292
5643
7270
164
1710
8272
788
2377
603
1510
1793
3500
3010
1132
2807
1264
2574
9160
234
9905
8581
4449
515
4700
6290
8185
6667
8162
3062
4895
5510
106
5642
4468
9538
1877
4792
9821
4624
8821
7691
3560
7074
2800
8772
4706
5686
3297
8351
696
6162
2944
9077
7885
9072
8595
6178
6828
7644
565
10
9582
2732
4998
6248
7901
8927
7076
6711
1434
6393
3240
2133
1852
4702
148
1733
2651
9244
9771
6899
5004
7743
3281
5533
4957
6175
3573
9888
8948
7820
5404
625
2483
9805
7297
2062
4510
9621
5865
884
9360
6615
8427
977
1291
3692
6688
9420
6110
2083
3079
5396
3212
7016
1293
551
9899
8391
891
4613
5626
4914
7712
5235
8039
6690
1472
8484
7983
3211
3357
3557
279
7908
8565
4327
6363
4933
4108
9427
9429
1056
8076
3001
7104
7893
667
6794
2909
545
5964
9527
3062
1287
3063
1465
3265
2675
2765
5666
9896
1466
9047
3811
2374
2837
3071
432
9444
2256
7409
4945
8454
6814
9315
2554
8047
1695
2867
6990
2924
1253
6672
255
2575
3939
5883
8073
8379
6999
9503
7440
4176
5257
1903
790
871
3300
9983
9522
8032
1366
2135
7534
537
5491
9971
8879
9763
4382
5437
2235
384
154
9519
1637
2303
45
8372
1116
2331
8230
5247
4086
9872
5633
5278
7543
8656
9449
2576
1046
4741
8142
7140
6050
9000
2551
5684
480
3858
2089
3698
3689
1696
5144
3474
7730
3804
1422
3272
7787
8346
426
483
7868
1152
1050
1995
6108
1194
6924
5511
901
7309
7569
4594
2181
1434
3411
1790
3382
9829
57
1817
880
310
7912
4432
9036
3759
4525
9409
9804
2848
1432
7093
266
4536
9067
9262
2431
1613
7924
5918
6965
286
4806
7208
8751
8630
8351
5018
4519
6755
3701
8971
7864
2872
1170
5217
2509
8432
450
6151
7257
9301
7355
2189
6441
4432
189
6528
5287
2849
8441
9548
800
7184
2422
1007
344
1189
4834
4559
44
8838
8614
3183
2601
4767
5885
8350
2619
9207
7703
6176
3065
1600
857
4274
3535
367
9559
2088
747
1037
7188
153
5948
2797
7625
5325
5448
143
2421
997
5326
8164
3956
253
347
8419
6818
4974
9216
2588
2194
2710
2979
6218
2858
1548
677
1454
4193
2014
3253
6586
2205
109
2403
5339
9494
7276
9847
8028
623
149
4947
9174
134
9293
1958
9452
6985
4233
9667
5734
1707
9521
8353
7292
9767
6371
5140
229
1285
8459
76
336
4251
1489
2140
2612
54
52
4926
1651
1049
3686
2709
1428
1124
9960
8355
4993
3193
3896
7788
2622
6971
6455
602
3228
4552
3568
1714
3276
2665
4118
1320
8471
647
8829
815
7534
432
7387
7667
1022
794
4048
1626
9606
1079
7989
8824
3676
3274
4193
6610
7884
7818
3906
6742
6706
3972
2122
1641
603
7573
2231
2689
9303
2504
5287
3300
914
4701
6331
5119
3187
5211
9532
5628
740
4327
9660
2718
99
549
2287
5615
2968
4255
2809
3853
840
7508
5177
9840
1801
4354
9350
4415
6488
887
3721
6451
8679
6036
4476
7163
1163
3444
897
6162
9749
7067
9030
2222
3135
4898
9495
3498
2745
8162
2949
151
3012
1199
1109
8750
1584
7064
8108
3402
1345
6187
2218
804
6343
7790
5492
2046
1166
8428
8599
8355
6674
7372
1770
5118
4855
7224
4067
8171
8905
8829
6348
1148
4880
9342
6919
1725
5318
8862
3376
1082
2235
9821
1955
1647
72
7955
8061
5311
1987
8587
1719
9321
1139
6258
5792
2024
7141
3920
6714
3994
6558
5717
1113
2420
8530
24
9303
1332
5188
3084
4411
1719
3486
1461
2106
5180
2851
9162
2479
8104
84
8906
1800
9851
6192
9380
7857
9155
9535
705
2309
7312
401
165
4193
3447
5858
2358
7419
9355
1265
4940
5475
3481
930
4570
6010
2355
1088
4219
1280
9936
1719
9857
82
2721
8929
7034
2500
23
1391
3252
7114
8147
7482
915
4782
8238
9194
944
1821
2330
5975
9812
1378
3528
1902
8101
3928
7804
8007
576
8618
4846
6357
5704
4733
7155
7101
1389
3105
2043
2491
2097
5395
8508
2737
8583
919
6399
5137
9709
9988
2169
5164
4956
5776
2925
9708
7565
3054
8143
256
4782
884
780
4966
1733
2546
1593
3582
325
5296
1625
5195
4959
40
6851
8989
3962
5652
3139
9022
2534
9097
1072
5962
7805
100
2798
6386
6731
275
6437
1298
6336
6087
7441
7249
4259
8312
6459
6362
5289
6314
1848
6761
8886
6399
3617
5879
5252
6414
9267
458
8162
3250
7687
1687
7662
6326
4341
8249
390
1103
4964
5254
2140
10
5669
4416
616
8216
3089
5786
6210
8406
320
4251
1952
1218
2924
3704
2524
108
117
9485
2522
6249
1574
5243
1240
2510
9880
7577
7127
1819
5222
5828
970
1749
9136
3641
3629
5368
7572
7317
2119
2669
3017
699
4946
9241
878
5109
3259
2486
2163
414
3637
3286
7046
4656
9891
7253
9041
922
1014
1790
5153
1844
3475
8176
4346
9141
8217
2579
9674
8773
6689
5206
1516
639
759
8298
29
633
2344
9845
1940
4599
2252
9248
4861
300
7910
2465
4279
8035
9914
1152
1919
2782
8783
2244
636
8332
2020
9582
3916
1392
1000
969
1919
4576
4996
1455
9379
395
9308
1792
1583
8286
5671
8719
533
3209
3162
605
9185
2941
5483
3130
9127
4937
9589
2984
7404
134
3704
275
8499
7695
6307
2686
1467
7285
9828
1472
2679
9634
8318
8479
6062
301
6685
7675
4948
3997
1990
4670
9113
8401
4867
1715
5136
5262
1533
7205
5187
2203
5722
1017
8069
9162
2970
6398
232
9512
141
2499
128
4247
951
3370
3176
2665
4646
7325
9284
1169
9843
6510
3318
5908
1767
2291
1988
3062
2129
9489
1818
930
8789
9560
2028
1321
4294
1456
8351
6271
5687
5618
2840
2482
6191
474
6325
8909
7163
268
8395
2812
9577
2980
8352
1233
5378
1634
938
9990
6294
3270
7959
2516
175
3353
3454
7588
2687
7756
1558
5779
635
4372
9446
9403
7661
2646
6205
1296
2868
8800
6355
7672
5919
4249
6367
575
1450
1753
6922
8361
9127
5292
5412
5289
9872
9538
4645
9266
732
1275
5655
524
4017
9234
2258
6266
858
2215
1880
825
1416
6609
3683
6843
6541
9332
5115
7173
1223
8815
5164
70
2058
7305
503
2921
7201
9422
9880
12
5654
2996
7576
1730
4816
9299
8340
1142
4221
8660
8014
5537
720
5384
2882
6542
3756
9485
2412
236
6962
5917
6264
2132
4999
9911
7930
9516
4202
1234
4351
3066
2085
2751
8787
2125
4113
1663
132
9992
8063
8165
6567
1136
8020
5437
138
5337
8980
7580
6138
6012
259
5850
8342
6684
1431
1486
5219
3449
9474
2904
770
5092
9296
917
1887
404
2939
2046
5898
3896
7335
4066
635
366
507
4006
6386
9684
9340
8730
8077
1181
2657
5566
3198
3750
546
6484
2732
9065
2642
9287
2761
5106
8431
5645
4003
4000
8887
8633
6511
9054
9934
9172
5075
243
4701
3565
6242
8391
1069
2430
4542
3927
5028
1713
4617
5706
639
9907
892
4980
8817
6632
8700
1707
6347
1167
8937
153
3341
6535
361
1250
91
7906
1413
2678
2611
5209
770
5385
5038
7648
211
6705
966
2332
61
7279
183
4530
1259
8546
2440
3650
7875
1385
6236
7795
9480
999
404
7792
9521
6923
4983
2468
8474
7697
2805
2499
8554
2483
7832
2201
7061
7940
6157
694
8979
1087
9521
1978
9921
315
671
1517
4326
8514
4233
850
9560
8482
3509
5837
816
4867
6426
8371
5147
7450
9338
385
9090
1085
2371
9984
8205
4792
6241
4231
36
2096
1942
1650
6870
7878
4461
4497
1309
7055
8347
1732
5937
3281
1575
9333
4748
8992
8107
8902
8686
9434
7291
9053
8323
479
8982
9901
6818
1461
3419
7304
8342
3163
7070
1794
3858
7565
1322
7623
2992
8855
1225
2383
971
2045
7314
1105
8271
8331
6659
8965
9181
6040
1072
7311
6947
5073
5402
4169
6139
2579
914
5664
5459
9496
7472
2898
6541
4438
1488
4550
1064
8116
5692
5293
4318
2926
1696
903
319
1499
5049
5705
9551
2238
2271
1966
2107
8858
9542
1083
7778
4281
207
3063
7697
8655
356
4299
5103
9530
1748
1398
5355
6924
9212
1797
1235
5580
9479
2641
1814
538
4726
7881
2779
6194
7347
2914
164
9251
8418
6715
3406
9745
6570
4646
2282
1623
339
5876
864
8144
1617
1216
5986
9720
3888
8239
8112
8399
6447
5462
1819
7070
705
6493
2987
7581
2706
819
1156
484
9224
3218
3062
2577
3530
2484
1189
665
1141
8053
2441
7090
5468
5675
3990
6064
6464
7044
334
2975
3873
7135
6917
7841
947
1390
1590
2039
1317
4970
7109
4677
1022
519
4084
658
8408
2809
74
7005
9425
103
6816
3606
4864
4447
9614
7868
6629
1179
9958
3475
2356
7891
142
1945
820
2963
68
6712
7171
4349
2029
9070
3052
7394
9407
603
6779
7086
6576
3147
6496
769
1039
7510
691
1365
2321
7700
407
6924
6334
1732
5218
2122
8205
9134
2027
4916
6573
5784
5285
4871
838
6022
1963
4859
335
534
5244
937
2017
555
8298
5947
4988
6280
2093
4420
793
7711
3997
3872
1647
9386
5104
1149
2570
1514
7521
1497
8249
1102
6162
2141
439
247
739
8315
2700
4537
6963
1381
5236
9204
8182
3774
6913
7204
9239
1300
157
7942
3776
9390
3682
5741
7384
8754
1149
771
1053
7499
6144
1555
9635
3161
2488
1575
8075
5401
702
973
7815
7895
3217
8032
1372
5697
5124
8004
3321
3854
4756
8017
5224
4158
5822
2676
3986
115
8302
9251
9320
6561
5834
4767
8255
162
1248
7727
7307
9838
4141
6938
240
9657
7697
2789
501
9244
7999
670
3786
9161
920
5448
1227
7705
5978
9737
7862
2872
7605
1648
6425
4564
4031
9866
1135
6769
9577
6007
3645
5889
114
2728
2167
4466
6858
7116
1145
2488
2281
1468
6643
157
8656
8403
7620
4566
8736
9042
4682
3288
1851
7779
1113
9002
7512
6412
1179
765
170
4374
9703
3898
9619
5679
852
8122
5333
7005
7983
1276
314
4324
3387
2242
7188
6329
6569
2589
7671
376
4985
2859
3046
5347
4000
2381
5883
6540
1242
7934
6011
373
5505
1985
2649
1862
6270
5050
2506
6335
336
7536
8969
8511
2075
3281
4956
7636
419
2935
3031
7795
6489
9
9647
8874
5877
6053
4353
5588
3508
2684
3764
6669
5716
4351
3101
3318
4958
2137
5906
8572
7699
9277
9024
8196
6251
2529
2384
4778
6153
74
9592
9626
6243
4555
2095
3534
4944
9144
8195
4858
1187
6352
2078
6580
2407
5739
7701
6359
8939
7663
3347
5066
1441
2281
3014
4589
3250
3403
809
868
932
1793
498
7399
2318
6008
1740
2392
1274
1328
1047
2695
2972
2737
3279
7474
2291
8669
475
3265
9566
2373
3559
5058
5873
111
147
400
8664
4549
3549
1369
1019
8113
8957
6912
8274
6344
7456
2560
5115
1125
3847
3410
6890
7032
1680
2913
9488
4510
3813
7820
8143
3938
7252
4604
1644
7940
4160
1542
4646
3241
8677
4099
8391
6212
1009
7166
1465
6164
9025
1806
5818
9293
5898
53
915
9659
8041
3272
9989
5173
5709
5311
5301
1422
6052
3183
5114
5954
1619
967
8836
4751
2410
7528
8591
5505
1062
4201
265
1299
985
8553
2912
978
9335
9942
7887
6900
2339
6814
9963
346
1450
4228
2697
1890
1869
9861
8978
416
229
7595
2665
205
2946
2481
109
8720
6357
25
9610
6205
4319
8043
6101
3563
6360
3598
5063
3035
996
4156
217
8565
1924
97
4706
8261
7529
8820
1645
5366
2222
6313
3054
3197
3239
9366
1606
4666
8660
8149
1621
571
3690
7866
4192
513
7540
8581
7331
966
5190
6570
6200
6143
3618
4415
7801
5919
2303
9365
7858
6461
8199
9051
9019
4247
4383
2015
5316
9926
6412
8054
3282
8244
1284
1807
6169
8603
3507
2883
6762
1599
7007
9375
3536
2703
5854
181
1173
7177
215
3152
8074
8828
1590
3703
2295
3569
2228
1076
4719
7164
9814
3493
4296
0
4660
4930
2889
2385
7725
1536
1989
8926
3289
4085
9720
1182
783
9133
5039
1274
1737
2493
9084
9211
8661
4134
2874
5541
9069
5084
4094
6821
200
6952
927
775
4434
5722
5384
5260
2026
8307
8203
2169
1787
9026
6888
5059
621
8973
6174
7146
3789
9283
7857
2131
1274
4016
77
1467
9185
464
6202
5416
8972
6887
2161
5202
2134
5025
9325
8402
2770
5701
549
3018
7773
415
7353
8358
8721
4447
9611
7889
2507
3308
1537
8187
1359
4684
5944
6809
538
3224
2907
2781
361
6028
9075
376
5736
1565
2257
3533
7453
4958
3498
9016
4663
2356
5299
1183
2961
3496
1406
760
3243
3934
6371
2987
6442
7284
1842
5033
303
7260
3479
3757
6966
3069
2704
2018
5200
8119
4667
8453
6403
6054
9779
172
6160
3001
7853
4183
2358
8339
3102
5478
565
1186
8784
3756
6885
3390
4628
2690
4872
6052
1833
2031
8685
8211
3406
1078
6934
6423
1684
1505
13
3237
376
6189
4114
6694
8480
1317
3224
9927
8340
1460
2721
7439
9839
2725
3111
4387
2181
7101
2621
6503
9287
4603
1013
3158
7029
4366
2099
2260
4772
4345
7041
3954
64
8163
5124
4594
3587
7090
240
5179
711
3976
2712
7423
5240
5438
9448
4859
6174
1441
2838
5103
4570
714
5046
8350
446
9458
7229
2072
6642
9173
777
2694
4644
2422
9471
1286
4223
6548
8148
5289
368
9068
9984
6520
8101
751
9216
8126
3766
4118
2331
690
1049
6754
1944
195
9857
9785
1918
1881
3574
1502
5643
9914
3707
3919
9417
5402
3308
821
62
183
1254
8632
7666
6932
6172
3601
9639
1779
1447
4932
8820
9993
6733
5822
1235
9372
1413
4011
3900
8368
4794
4619
1665
2035
9566
69
6443
8998
6705
8813
3620
5757
34
9794
3639
1513
7381
6699
773
9379
8422
3380
2010
2091
7037
5395
6975
2531
5059
2192
5664
7797
1395
3428
625
2524
1092
2449
5709
946
9382
8274
7600
2181
2700
1076
4998
2703
8761
534
7202
5991
7693
8653
5283
9490
2018
7963
4356
590
7298
6849
3379
4320
1884
7842
981
8044
950
2329
7128
3541
6485
4734
840
8358
731
6230
9750
6368
288
7209
182
8180
6052
1335
2312
3204
6371
9325
1402
7670
123
1892
2428
4441
9402
1084
8484
9530
7292
7911
1522
8664
5027
1496
550
9159
3863
4862
7889
5186
1041
6604
2730
5717
8546
7243
9378
5978
7737
1361
8969
7698
6549
6468
178
9783
40
9690
8949
3887
9293
4323
7237
547
4971
6249
8465
6497
3929
1814
4158
6959
277
9143
8996
2641
1248
816
3047
1836
2860
6496
5210
2268
6153
5574
447
9859
3452
740
9330
2291
9921
851
759
4078
8147
3384
7457
5484
2713
6085
1444
141
7427
8563
429
7263
1253
8958
3569
994
5891
4929
2179
10
1231
2212
3498
6533
7774
4627
1106
1886
401
2017
8866
3729
8259
4445
7694
2736
8559
9140
7389
7237
5492
4679
9614
8328
6682
2734
3174
4948
8391
2941
9230
1061
7870
773
8811
1253
7480
5054
2429
1319
8517
5429
3708
1859
9188
3217
480
3604
8065
8298
6080
9710
5951
2315
6429
8852
6679
2903
5008
1385
3791
122
8545
5989
8718
2578
7850
1658
7215
6270
7675
7976
4773
2229
4959
5950
4990
6794
4415
4945
1626
1647
3589
306
6621
2376
3588
3355
4179
7153
9734
346
8468
6610
7910
5170
1913
8642
8527
9438
9037
5834
7892
5207
8999
9419
8738
5832
6056
1123
3699
5120
5120
3131
6900
2423
1030
1845
2169
2325
4839
101
8928
1455
7901
3084
7939
2180
3844
9677
2434
6935
6874
1850
4192
6173
3750
6462
381
6458
5722
4385
2596
8455
3755
1927
7749
7350
9041
2714
550
7753
6410
3289
6150
4992
515
6305
2082
4866
234
5019
5915
8846
4830
2966
7752
4466
8136
6983
8904
5132
1966
6382
6506
782
5461
8602
7089
5959
694
3056
8242
3136
9365
2424
4176
3589
1070
808
9386
7045
2289
9237
1762
2219
1648
9447
8114
5182
2293
4301
8075
2581
169
4689
8126
3903
4723
3421
6782
4242
6206
1485
2053
5170
5199
5671
4998
2229
37
4441
8963
4037
9473
8290
1984
4758
7944
1028
2119
7688
1846
5896
8110
3582
2054
4658
2982
6656
4288
6342
6213
3311
2129
2700
7158
359
1969
8128
4288
1018
6993
1133
5524
9898
7811
3371
2267
6518
4511
9061
7744
4553
1747
1712
2905
3568
587
3258
4971
1083
7921
1487
5678
4933
727
9170
3263
5639
5986
3514
9702
714
1689
5355
9383
7420
1583
1526
5820
9908
9549
2675
259
2617
6899
318
1108
321
2304
5232
5286
3494
3185
7136
226
4925
3366
3913
3975
2218
1819
6318
8112
1662
5750
6587
5379
3666
6092
573
3996
2457
3129
1541
538
7456
7071
8281
7815
9513
6686
3100
3485
6170
3126
6800
8583
9759
1593
8792
198
7271
5060
6882
70
6557
975
8693
5025
1669
435
1416
5665
6811
2732
1411
2283
614
9215
794
4570
9170
5085
8231
1962
126
4584
2614
1463
3795
6054
3448
8437
5015
628
8016
3649
1521
6573
7778
1591
429
1963
189
613
3506
3245
1350
4800
3443
9609
2743
2134
9667
9028
9768
5940
3420
960
1949
3257
8209
5877
831
8026
2866
3396
9456
2295
3952
8087
6025
2254
8754
3517
9958
3375
5432
1429
965
224
2190
5560
8714
6017
2035
9148
2935
706
4538
2838
3562
340
4832
992
7207
1134
2512
4795
5096
2513
211
6774
1698
3182
5884
2800
714
2166
7827
6987
4872
7986
8448
9858
7451
7109
4123
6252
733
9918
9009
8433
3143
1074
7850
2572
6616
5529
6072
4514
8530
6184
3474
5762
5302
2751
5330
4701
9378
4420
1052
5960
2072
1424
8705
9088
4624
9352
7203
1325
2240
63
8329
3146
8844
4730
9333
2596
9177
1812
8244
8800
3046
2707
2037
5586
8956
2794
9342
668
4261
9552
8891
100
3804
8401
9257
3625
5603
2068
2130
4455
9851
4925
2730
1704
207
2564
8169
1517
8322
7877
1386
9390
3322
5161
2084
8655
2557
7349
8902
5940
1675
658
3640
3030
2924
5149
5135
9334
9916
2095
2114
3137
8195
2192
3947
4324
9242
5048
6672
1666
5259
5526
435
9044
6504
5844
9382
320
6543
9450
6499
1246
9325
2818
9323
246
4528
732
4573
8638
9553
9955
1017
5043
9058
1312
7990
7781
9348
9102
6737
4473
7277
1085
7991
4313
3895
9035
7588
7806
204
3263
589
1105
9073
328
1243
190
2561
4278
2841
2218
7900
8151
5056
6950
927
5637
8529
1572
6390
3630
8147
7082
2207
2020
925
6
3728
9925
5478
208
604
5790
6667
3830
5250
8396
8129
3171
8742
3283
1180
9009
5268
5635
31
8578
9443
8583
1813
7289
390
1216
3039
5742
8425
322
7615
4722
3930
1228
4180
2335
5349
4094
663
452
6341
2518
8293
6912
872
8076
2334
1740
7202
7807
7934
8750
2484
863
7290
9243
1070
3660
8669
9645
387
1886
5171
5317
6589
9335
5478
5331
5361
839
5543
1332
7764
6334
7935
1003
61
6279
5014
6931
7869
2051
2037
9235
1244
4323
375
2771
2310
7514
7413
7086
3094
7138
6674
9673
722
4318
7971
3283
7639
1520
244
2317
7398
5469
2839
748
5199
6653
2206
6589
1133
4967
1803
904
227
876
9062
9768
4917
7475
3998
6538
2089
2101
2244
2228
575
6537
8149
2152
4192
4467
2438
280
1747
7529
2212
2252
5718
8023
5628
6515
7786
4067
3513
7574
15
803
3469
4851
2163
8525
3810
8344
8997
1167
5200
7374
6255
4496
386
2537
8643
6375
4068
1421
2548
1035
4848
5635
2664
2043
2969
3532
8317
4383
1335
2165
8970
6142
1829
1963
5944
1025
9047
3025
449
6024
368
1600
327
8684
8643
7983
4088
8468
5816
1891
5696
2028
9121
1816
9327
435
6189
2721
141
4627
4557
5004
8764
5607
4502
537
3389
5624
5334
5741
1925
3960
4074
4114
2289
6035
1999
1137
775
5874
1560
4403
8479
7458
9600
1892
5075
1589
3216
5721
2067
2728
4819
9363
8843
2436
4423
6565
8553
3880
2343
6291
6681
7863
1383
3451
1332
8238
192
2056
8425
5481
2221
2692
6186
3495
2133
2670
2586
123
6249
9661
901
5828
1648
7620
273
8239
498
5990
4116
9339
5938
1883
6822
7917
3327
8100
808
662
9772
971
5605
850
4687
5983
2728
1058
1527
8991
5086
4556
3458
2692
6541
7520
9693
6788
9126
4687
365
9620
7991
1992
8798
4366
2227
8211
5210
8644
998
2353
7948
4451
1428
4531
7350
2827
4481
4746
6639
9710
9110
3471
1745
6759
9651
3381
418
4062
7552
9051
7633
8217
2249
1046
1492
2996
553
4591
3840
8388
9109
2649
4280
7544
8316
5749
105
7265
9214
5609
4214
4484
4507
3822
2287
7598
6749
2665
8711
1272
2713
1437
2950
9098
1426
4927
6940
1668
8302
4042
9224
4427
2045
6260
680
1633
9239
8257
3281
7129
9926
6678
6114
1449
8900
9856
2228
896
2357
9382
1812
4890
6152
7548
2932
7842
5914
8506
3182
8919
2524
3613
5643
7650
871
8188
9716
1047
7709
1405
2551
8506
8241
7433
2091
2308
3225
8653
215
7206
9619
8451
2080
1565
1654
384
2930
3815
1338
8639
6146
3461
811
5950
6113
7201
9114
1576
3539
6449
3316
2915
5712
8509
1015
9338
5947
14
7267
5661
866
9799
4141
9543
4229
9817
6314
1313
2570
7409
3017
5862
4111
8644
4065
6535
2386
479
8926
7087
9422
1448
8966
5033
3143
5273
3729
7537
440
5550
5816
9160
5835
204
2925
6012
8089
37
3308
7303
1906
1737
7664
2695
479
9695
6504
3678
7718
8676
7691
6299
9757
9827
2571
3913
1187
3495
9862
6390
2380
1149
6978
7494
9979
9277
8202
3193
8613
1097
6356
2619
3571
4775
1686
8106
1000
2012
120
8525
4100
6778
6954
5539
4824
1707
889
7466
4923
590
5983
2241
9229
8146
2169
4608
9658
593
829
2870
8641
5439
9723
9891
7861
4450
5651
3047
2083
2868
8519
5051
9493
5254
2419
4815
4487
4616
1226
7507
936
535
2194
7882
804
2518
6116
44
2735
7056
4125
8811
596
8444
984
1816
9343
2482
2591
2151
6952
5246
4783
5600
8897
8371
2252
3351
9265
1793
1429
3150
9010
2793
8922
2554
6504
416
4091
7875
3044
4291
1106
5696
2023
139
3795
6690
6859
1617
6931
2032
6718
2931
6375
9812
3280
1415
1551
9587
6496
47
9891
1874
8737
6157
124
7479
1923
9865
1910
8846
5919
7250
3412
5725
3891
2418
6821
5642
2447
1157
8326
2987
3151
954
232
2927
9578
698
6803
3947
6938
9129
3851
5687
141
2139
2850
330
9467
9065
1470
5459
969
836
7916
2010
8446
7353
4805
2630
9652
358
2288
2833
2065
7916
441
5785
1766
3557
4192
7767
8168
3432
8325
7733
285
6042
9379
5228
3897
5319
7978
1356
8234
2050
2881
9647
1360
1657
5803
4448
3522
573
2330
7528
2701
5360
562
9290
9790
5584
2367
7136
8417
1987
1641
6756
4971
6963
8919
8275
3397
1644
8882
239
7562
3379
1804
2949
659
2218
5648
3487
5072
3105
3355
5018
3883
9471
235
2714
9560
6162
1367
4588
8271
1235
9904
6028
429
9485
4839
2025
2967
7391
6015
1414
9232
5568
1267
5442
2254
2259
9019
4970
2360
1355
9963
7997
2322
1073
5181
9857
4029
2931
929
9108
664
2255
5297
7189
8235
4753
202
1012
5494
2089
8984
1480
7798
8689
1392
1568
8872
717
5604
9723
3872
1443
8147
7307
9852
8397
8895
8423
9348
93
4947
1665
6421
3536
6085
248
2095
9398
2232
3454
8988
5442
2405
8172
9314
5533
923
3285
3898
5631
1172
3097
2369
3280
1898
1307
5119
1548
8186
644
8711
102
9783
9673
1486
974
8306
6971
1056
6613
617
6782
6575
6257
8046
9292
5805
2684
2762
9003
8604
5218
4802
4348
2115
571
1064
9269
2964
6341
404
9889
5740
8134
3189
6998
6923
9568
5778
3031
7365
7846
3670
7644
3736
3518
4380
5471
799
7752
5047
808
8309
2333
6118
2796
3342
9739
725
2448
5043
2161
1751
9588
1100
4230
2611
2254
612
31
3933
4165
6471
2800
7702
1904
1071
8082
1494
2941
9327
2134
4537
2774
1759
1705
8056
7825
554
9305
122
4086
900
4103
3435
471
1423
1149
5195
2203
6624
9410
3209
6171
6398
7740
7650
7410
4299
8213
21
7998
9623
2721
5993
8188
2816
3774
1329
7187
1454
509
2655
8334
2430
9136
2742
9936
2077
9909
2244
6660
5848
4930
128
3219
5602
1649
8145
154
7030
2350
8368
5306
6957
2958
30
9553
4929
8083
2728
8698
8019
5614
6954
4096
9419
8868
4738
7145
5470
851
1991
8049
7060
3990
8986
2308
4042
5608
747
3648
2454
806
6559
6825
2570
1784
9728
287
6666
6049
2358
3006
961
3444
277
3957
4001
2314
566
2393
7209
2577
2363
9082
1388
5863
2925
7733
3184
3416
9480
7852
1652
1300
4090
116
9206
1925
7864
4093
4483
4799
865
6359
2496
1080
2343
5251
3433
3130
1915
503
8872
9175
2680
3383
616
1693
2867
4928
3226
2666
4225
9174
824
6193
4842
3873
5576
9901
8605
2819
9956
566
9443
605
807
1090
4264
3459
2858
5150
6552
205
1841
8525
262
6560
575
5567
3043
2156
3105
6437
5629
3238
5753
2485
7702
5785
7434
4954
8583
297
7012
6989
2596
7657
2816
8137
5153
4349
4238
6843
21
4754
700
5065
1054
6205
3291
3446
8230
4977
3261
9907
197
4885
2881
7351
4870
213
962
8417
8590
5111
1932
